1.00000e-02 6.13500e+00
1.25893e-02 4.65419e+00
1.58489e-02 3.54419e+00
1.99526e-02 2.70912e+00
2.51189e-02 2.07859e+00
3.16228e-02 1.60078e+00
3.98107e-02 1.23740e+00
5.01187e-02 9.60051e-01
6.30957e-02 7.47613e-01
7.94328e-02 5.84316e-01
1.00000e-01 4.58351e-01
1.25893e-01 3.60843e-01
1.58489e-01 2.85096e-01
1.99526e-01 2.26083e-01
2.51189e-01 1.85587e-01
3.16228e-01 1.61578e-01
3.98107e-01 1.49093e-01
5.01187e-01 1.45671e-01
6.30957e-01 1.50535e-01
7.94328e-01 1.64312e-01
1.00000e+00 1.88139e-01
1.25893e+00 2.20635e-01
1.58489e+00 2.64104e-01
1.99526e+00 3.22400e-01
2.51189e+00 3.09127e-01
3.16228e+00 1.73952e-01
3.98107e+00 5.69532e-02
5.01187e+00 1.31439e-02
6.30957e+00 3.81456e-03
7.94328e+00 1.45643e-03
1.00000e+01 6.57749e-04
1.25893e+01 3.29805e-04
1.58489e+01 1.83998e-04
1.99526e+01 1.14373e-04
2.51189e+01 7.92670e-05
3.16228e+01 6.12429e-05
3.98107e+01 4.88568e-05
5.01187e+01 3.76596e-05
6.30957e+01 2.80343e-05
7.94328e+01 2.01372e-05
1.00000e+02 1.39367e-05
1.25893e+02 9.27138e-06
1.58489e+02 5.90684e-06
1.99526e+02 3.58364e-06
2.51189e+02 2.05204e-06
3.16228e+02 1.09375e-06
3.98107e+02 5.35753e-07
5.01187e+02 2.45762e-07
6.30957e+02 1.01611e-07
7.94328e+02 3.52682e-08
1.00000e+03 9.22710e-09
1.25893e+03 1.54570e-09
1.58489e+03 1.27854e-10
1.99526e+03 3.33015e-12
2.51189e+03 1.25447e-14
3.16228e+03 1.66068e-18
3.98107e+03 4.39271e-25
5.01187e+03 3.86189e-37
