1.00000e-02 6.14056e+00
1.25893e-02 4.65840e+00
1.58489e-02 3.54740e+00
1.99526e-02 2.71157e+00
2.51189e-02 2.08047e+00
3.16228e-02 1.60223e+00
3.98107e-02 1.23852e+00
5.01187e-02 9.60920e-01
6.30957e-02 7.48289e-01
7.94328e-02 5.84845e-01
1.00000e-01 4.58766e-01
1.25893e-01 3.61169e-01
1.58489e-01 2.85354e-01
1.99526e-01 2.26287e-01
2.51189e-01 1.85755e-01
3.16228e-01 1.61724e-01
3.98107e-01 1.49228e-01
5.01187e-01 1.45803e-01
6.30957e-01 1.50672e-01
7.94328e-01 1.64462e-01
1.00000e+00 1.88310e-01
1.25893e+00 2.20836e-01
1.58489e+00 2.64347e-01
1.99526e+00 3.22698e-01
2.51189e+00 3.09412e-01
3.16228e+00 1.74115e-01
3.98107e+00 5.70076e-02
5.01187e+00 1.31570e-02
6.30957e+00 3.81853e-03
7.94328e+00 1.45806e-03
1.00000e+01 6.58568e-04
1.25893e+01 3.30285e-04
1.58489e+01 1.84316e-04
1.99526e+01 1.14624e-04
2.51189e+01 7.94989e-05
3.16228e+01 6.14929e-05
3.98107e+01 4.91437e-05
5.01187e+01 3.79857e-05
6.30957e+01 2.84002e-05
7.94328e+01 2.05387e-05
1.00000e+02 1.43659e-05
1.25893e+02 9.71568e-06
1.58489e+02 6.35021e-06
1.99526e+02 4.00821e-06
2.51189e+02 2.44032e-06
3.16228e+02 1.43049e-06
3.98107e+02 8.11791e-07
5.01187e+02 4.66917e-07
6.30957e+02 2.72936e-07
7.94328e+02 1.60749e-07
1.00000e+03 9.41224e-08
1.25893e+03 5.37032e-08
1.58489e+03 2.89639e-08
1.99526e+03 1.38664e-08
2.51189e+03 5.39758e-09
3.16228e+03 1.53607e-09
3.98107e+03 2.70789e-10
5.01187e+03 2.27186e-11
6.30957e+03 5.86948e-13
7.94328e+03 2.18439e-15
1.00000e+04 2.83444e-19
1.25893e+04 7.25436e-26
1.58489e+04 6.04208e-38
