1.00000e-02 6.13250e+00
1.25893e-02 4.65229e+00
1.58489e-02 3.54274e+00
1.99526e-02 2.70801e+00
2.51189e-02 2.07774e+00
3.16228e-02 1.60013e+00
3.98107e-02 1.23689e+00
5.01187e-02 9.59660e-01
6.30957e-02 7.47308e-01
7.94328e-02 5.84077e-01
1.00000e-01 4.58164e-01
1.25893e-01 3.60695e-01
1.58489e-01 2.84980e-01
1.99526e-01 2.25990e-01
2.51189e-01 1.85511e-01
3.16228e-01 1.61512e-01
3.98107e-01 1.49032e-01
5.01187e-01 1.45612e-01
6.30957e-01 1.50474e-01
7.94328e-01 1.64246e-01
1.00000e+00 1.88063e-01
1.25893e+00 2.20547e-01
1.58489e+00 2.64000e-01
1.99526e+00 3.22275e-01
2.51189e+00 3.09006e-01
3.16228e+00 1.73887e-01
3.98107e+00 5.69330e-02
5.01187e+00 1.31398e-02
6.30957e+00 3.81356e-03
7.94328e+00 1.45617e-03
1.00000e+01 6.57720e-04
1.25893e+01 3.29864e-04
1.58489e+01 1.84088e-04
1.99526e+01 1.14487e-04
2.51189e+01 7.94096e-05
3.16228e+01 6.14311e-05
3.98107e+01 4.91037e-05
5.01187e+01 3.79657e-05
6.30957e+01 2.83980e-05
7.94328e+01 2.05516e-05
1.00000e+02 1.43905e-05
1.25893e+02 9.74909e-06
1.58489e+02 6.38925e-06
1.99526e+02 4.04981e-06
2.51189e+02 2.48200e-06
3.16228e+02 1.47013e-06
3.98107e+02 8.48076e-07
5.01187e+02 5.00457e-07
6.30957e+02 3.04507e-07
7.94328e+02 1.90891e-07
1.00000e+03 1.23131e-07
1.25893e+03 8.15393e-08
1.58489e+03 5.52357e-08
1.99526e+03 3.74349e-08
2.51189e+03 2.47318e-08
3.16228e+03 1.57275e-08
3.98107e+03 9.43273e-09
5.01187e+03 5.17376e-09
6.30957e+03 2.47747e-09
7.94328e+03 9.65592e-10
1.00000e+04 2.75297e-10
1.25893e+04 4.86775e-11
1.58489e+04 4.10626e-12
1.99526e+04 1.07097e-13
2.51189e+04 4.05256e-16
3.16228e+04 5.42421e-20
3.98107e+04 1.47773e-26
5.01187e+04 1.41415e-38
