1.00000e-02 6.13954e+00
1.25893e-02 4.65763e+00
1.58489e-02 3.54681e+00
1.99526e-02 2.71112e+00
2.51189e-02 2.08013e+00
3.16228e-02 1.60197e+00
3.98107e-02 1.23831e+00
5.01187e-02 9.60762e-01
6.30957e-02 7.48166e-01
7.94328e-02 5.84748e-01
1.00000e-01 4.58690e-01
1.25893e-01 3.61110e-01
1.58489e-01 2.85307e-01
1.99526e-01 2.26250e-01
2.51189e-01 1.85725e-01
3.16228e-01 1.61698e-01
3.98107e-01 1.49204e-01
5.01187e-01 1.45779e-01
6.30957e-01 1.50647e-01
7.94328e-01 1.64435e-01
1.00000e+00 1.88279e-01
1.25893e+00 2.20800e-01
1.58489e+00 2.64303e-01
1.99526e+00 3.22645e-01
2.51189e+00 3.09361e-01
3.16228e+00 1.74086e-01
3.98107e+00 5.69984e-02
5.01187e+00 1.31549e-02
6.30957e+00 3.81794e-03
7.94328e+00 1.45785e-03
1.00000e+01 6.58479e-04
1.25893e+01 3.30245e-04
1.58489e+01 1.84302e-04
1.99526e+01 1.14621e-04
2.51189e+01 7.95030e-05
3.16228e+01 6.15043e-05
3.98107e+01 4.91627e-05
5.01187e+01 3.80122e-05
6.30957e+01 2.84341e-05
7.94328e+01 2.05791e-05
1.00000e+02 1.44114e-05
1.25893e+02 9.76483e-06
1.58489e+02 6.40126e-06
1.99526e+02 4.05926e-06
2.51189e+02 2.48948e-06
3.16228e+02 1.47614e-06
3.98107e+02 8.52992e-07
5.01187e+02 5.04719e-07
6.30957e+02 3.08404e-07
7.94328e+02 1.94635e-07
1.00000e+03 1.26877e-07
1.25893e+03 8.54200e-08
1.58489e+03 5.93755e-08
1.99526e+03 4.18878e-08
2.51189e+03 2.94532e-08
3.16228e+03 2.06245e-08
3.98107e+03 1.43493e-08
5.01187e+03 9.88263e-09
6.30957e+03 6.69960e-09
7.94328e+03 4.43175e-09
1.00000e+04 2.82270e-09
1.25893e+04 1.69640e-09
1.58489e+04 9.32973e-10
1.99526e+04 4.48366e-10
2.51189e+04 1.75599e-10
3.16228e+04 5.04012e-11
3.98107e+04 8.99761e-12
5.01187e+04 7.69890e-13
6.30957e+04 2.05466e-14
7.94328e+04 8.09377e-17
1.00000e+05 1.16871e-20
1.25893e+05 3.72207e-27
1.58489e+05 5.08649e-39
