1.00000e-02 6.14856e+00
1.25893e-02 4.66447e+00
1.58489e-02 3.55202e+00
1.99526e-02 2.71510e+00
2.51189e-02 2.08318e+00
3.16228e-02 1.60432e+00
3.98107e-02 1.24013e+00
5.01187e-02 9.62173e-01
6.30957e-02 7.49265e-01
7.94328e-02 5.85607e-01
1.00000e-01 4.59363e-01
1.25893e-01 3.61640e-01
1.58489e-01 2.85726e-01
1.99526e-01 2.26582e-01
2.51189e-01 1.85997e-01
3.16228e-01 1.61934e-01
3.98107e-01 1.49421e-01
5.01187e-01 1.45991e-01
6.30957e-01 1.50865e-01
7.94328e-01 1.64672e-01
1.00000e+00 1.88549e-01
1.25893e+00 2.21107e-01
1.58489e+00 2.64661e-01
1.99526e+00 3.23064e-01
2.51189e+00 3.09742e-01
3.16228e+00 1.74278e-01
3.98107e+00 5.70491e-02
5.01187e+00 1.31622e-02
6.30957e+00 3.81803e-03
7.94328e+00 1.45666e-03
1.00000e+01 6.57077e-04
1.25893e+01 3.28866e-04
1.58489e+01 1.82946e-04
1.99526e+01 1.13212e-04
2.51189e+01 7.79193e-05
3.16228e+01 5.95576e-05
3.98107e+01 4.67252e-05
5.01187e+01 3.50962e-05
6.30957e+01 2.51020e-05
7.94328e+01 1.69535e-05
1.00000e+02 1.06744e-05
1.25893e+02 6.14441e-06
1.58489e+02 3.13986e-06
1.99526e+02 1.36283e-06
2.51189e+02 4.69156e-07
3.16228e+02 1.15107e-07
3.98107e+02 1.71969e-08
5.01187e+02 1.27267e-09
6.30957e+02 3.07030e-11
7.94328e+02 1.14387e-13
1.00000e+03 1.64899e-17
1.25893e+03 5.84642e-24
1.58489e+03 1.11670e-35
