1.00000e-02 0.000000000
1.09648e-02 0.000000000
1.20226e-02 0.000000000
1.31826e-02 0.000000000
1.44544e-02 0.000000000
1.58489e-02 0.000000000
1.73780e-02 0.000000000
1.90546e-02 0.000000000
2.08930e-02 0.000000000
2.29087e-02 0.000000000
2.51189e-02 0.000000000
2.75423e-02 0.000000000
3.01995e-02 0.000000000
3.31131e-02 0.000000000
3.63078e-02 0.000000000
3.98107e-02 0.000000000
4.36516e-02 0.000000000
4.78630e-02 0.000000000
5.24807e-02 0.000000000
5.75440e-02 0.000000000
6.30957e-02 0.000000000
6.91831e-02 0.000000000
7.58578e-02 0.000000000
8.31764e-02 0.000000000
9.12011e-02 0.000000000
1.00000e-01 0.000000000
1.09648e-01 0.000000000
1.20226e-01 0.000000000
1.31826e-01 0.000000000
1.44544e-01 0.000000000
1.58489e-01 0.000000000
1.73780e-01 0.000000000
1.90546e-01 0.000000000
2.08930e-01 0.000000000
2.29087e-01 0.000000000
2.51189e-01 0.000000000
2.75423e-01 0.000000000
3.01995e-01 0.000000000
3.31131e-01 0.000000000
3.63078e-01 0.000000000
3.98107e-01 0.000000000
4.36516e-01 0.000000000
4.78630e-01 0.000000000
5.24807e-01 0.000000000
5.75440e-01 0.000000000
6.30957e-01 0.000000000
6.91831e-01 0.000000000
7.58578e-01 0.000000000
8.31764e-01 0.000000000
9.12011e-01 0.000000000
1.00000e+00 10.36484245
1.09648e+00 0.000000000
1.20226e+00 0.000000000
1.31826e+00 0.000000000
1.44544e+00 0.000000000
1.58489e+00 0.000000000
1.73780e+00 0.000000000
1.90546e+00 0.000000000
2.08930e+00 0.000000000
2.29087e+00 0.000000000
2.51189e+00 0.000000000
2.75423e+00 0.000000000
3.01995e+00 0.000000000
3.31131e+00 0.000000000
3.63078e+00 0.000000000
3.98107e+00 0.000000000
4.36516e+00 0.000000000
4.78630e+00 0.000000000
5.24807e+00 0.000000000
5.75440e+00 0.000000000
6.30957e+00 0.000000000
6.91831e+00 0.000000000
7.58578e+00 0.000000000
8.31764e+00 0.000000000
9.12011e+00 0.000000000
1.00000e+01 0.000000000
1.09648e+01 0.000000000
1.20226e+01 0.000000000
1.31826e+01 0.000000000
1.44544e+01 0.000000000
1.58489e+01 0.000000000
1.73780e+01 0.000000000
1.90546e+01 0.000000000
2.08930e+01 0.000000000
2.29087e+01 0.000000000
2.51189e+01 0.000000000
2.75423e+01 0.000000000
3.01995e+01 0.000000000
3.31131e+01 0.000000000
3.63078e+01 0.000000000
3.98107e+01 0.000000000
4.36516e+01 0.000000000
4.78630e+01 0.000000000
5.24807e+01 0.000000000
5.75440e+01 0.000000000
6.30957e+01 0.000000000
6.91831e+01 0.000000000
7.58578e+01 0.000000000
8.31764e+01 0.000000000
9.12011e+01 0.000000000
1.00000e+02 0.000000000
1.09648e+02 0.000000000
1.20226e+02 0.000000000
1.31826e+02 0.000000000
1.44544e+02 0.000000000
1.58489e+02 0.000000000
1.73780e+02 0.000000000
1.90546e+02 0.000000000
2.08930e+02 0.000000000
2.29087e+02 0.000000000
2.51189e+02 0.000000000
2.75423e+02 0.000000000
3.01995e+02 0.000000000
3.31131e+02 0.000000000
3.63078e+02 0.000000000
3.98107e+02 0.000000000
4.36516e+02 0.000000000
4.78630e+02 0.000000000
5.24807e+02 0.000000000
5.75440e+02 0.000000000
6.30957e+02 0.000000000
6.91831e+02 0.000000000
7.58578e+02 0.000000000
8.31764e+02 0.000000000
9.12011e+02 0.000000000
1.00000e+03 0.000000000
1.09648e+03 0.000000000
1.20226e+03 0.000000000
1.31826e+03 0.000000000
1.44544e+03 0.000000000
1.58489e+03 0.000000000
1.73780e+03 0.000000000
1.90546e+03 0.000000000
2.08930e+03 0.000000000
2.29087e+03 0.000000000
2.51189e+03 0.000000000
2.75423e+03 0.000000000
3.01995e+03 0.000000000
3.31131e+03 0.000000000
3.63078e+03 0.000000000
3.98107e+03 0.000000000
4.36516e+03 0.000000000
4.78630e+03 0.000000000
5.24807e+03 0.000000000
5.75440e+03 0.000000000
