1.00000e-02 6.16183e+00
1.25893e-02 4.67454e+00
1.58489e-02 3.55969e+00
1.99526e-02 2.72096e+00
2.51189e-02 2.08768e+00
3.16228e-02 1.60778e+00
3.98107e-02 1.24281e+00
5.01187e-02 9.64248e-01
6.30957e-02 7.50880e-01
7.94328e-02 5.86869e-01
1.00000e-01 4.60352e-01
1.25893e-01 3.62417e-01
1.58489e-01 2.86338e-01
1.99526e-01 2.27066e-01
2.51189e-01 1.86391e-01
3.16228e-01 1.62274e-01
3.98107e-01 1.49734e-01
5.01187e-01 1.46290e-01
6.30957e-01 1.51165e-01
7.94328e-01 1.64985e-01
1.00000e+00 1.88882e-01
1.25893e+00 2.21453e-01
1.58489e+00 2.64995e-01
1.99526e+00 3.23329e-01
2.51189e+00 3.09781e-01
3.16228e+00 1.74111e-01
3.98107e+00 5.68943e-02
5.01187e+00 1.30895e-02
6.30957e+00 3.78031e-03
7.94328e+00 1.43235e-03
1.00000e+01 6.39180e-04
1.25893e+01 3.14599e-04
1.58489e+01 1.70541e-04
1.99526e+01 1.01413e-04
2.51189e+01 6.56586e-05
3.16228e+01 4.57094e-05
3.98107e+01 3.11011e-05
5.01187e+01 1.88136e-05
6.30957e+01 9.69369e-06
7.94328e+01 3.98830e-06
1.00000e+02 1.18794e-06
1.25893e+02 2.20244e-07
1.58489e+02 2.00200e-08
1.99526e+02 6.03428e-10
2.51189e+02 3.02499e-12
3.16228e+02 6.92706e-16
3.98107e+02 5.56467e-22
5.01187e+02 6.24407e-33
