1.00000e-02 6.13730e+00
1.09648e-02 5.49277e+00
1.20226e-02 4.91891e+00
1.31826e-02 4.40767e+00
1.44544e-02 3.95197e+00
1.58489e-02 3.54552e+00
1.73780e-02 3.18279e+00
1.90546e-02 2.85889e+00
2.08930e-02 2.56950e+00
2.29087e-02 2.31078e+00
2.51189e-02 2.07937e+00
2.75423e-02 1.87224e+00
3.01995e-02 1.68676e+00
3.31131e-02 1.52052e+00
3.63078e-02 1.37154e+00
3.98107e-02 1.23786e+00
4.36516e-02 1.11788e+00
4.78630e-02 1.01012e+00
5.24807e-02 9.13284e-01
5.75440e-02 8.26218e-01
6.30957e-02 7.47892e-01
6.91831e-02 6.77387e-01
7.58578e-02 6.13888e-01
8.31764e-02 5.56665e-01
9.12011e-02 5.05069e-01
1.00000e-01 4.58522e-01
1.09648e-01 4.16505e-01
1.20226e-01 3.78556e-01
1.31826e-01 3.44264e-01
1.44544e-01 3.13242e-01
1.58489e-01 2.85203e-01
1.73780e-01 2.59815e-01
1.90546e-01 2.36820e-01
2.08930e-01 2.16386e-01
2.29087e-01 1.99488e-01
2.51189e-01 1.85656e-01
2.75423e-01 1.74418e-01
3.01995e-01 1.65404e-01
3.31131e-01 1.58325e-01
3.63078e-01 1.52961e-01
3.98107e-01 1.49148e-01
4.36516e-01 1.46766e-01
4.78630e-01 1.45741e-01
5.24807e-01 1.46033e-01
5.75440e-01 1.47639e-01
6.30957e-01 1.50589e-01
6.91831e-01 1.54948e-01
7.58578e-01 1.60823e-01
8.31764e-01 1.68354e-01
9.12011e-01 1.77635e-01
1.00000e+00 1.88203e-01
1.09648e+00 2.00083e-01
1.20226e+00 2.13425e-01
1.31826e+00 2.28415e-01
1.44544e+00 2.45254e-01
1.58489e+00 2.64176e-01
1.73780e+00 2.85453e-01
1.90546e+00 3.09394e-01
2.08930e+00 3.33714e-01
2.29087e+00 3.35229e-01
2.51189e+00 3.09174e-01
2.75423e+00 2.61882e-01
3.01995e+00 2.03694e-01
3.31131e+00 1.45389e-01
3.63078e+00 9.51180e-02
3.98107e+00 5.69446e-02
4.36516e+00 3.13229e-02
4.78630e+00 1.73726e-02
5.24807e+00 1.00400e-02
5.75440e+00 6.05320e-03
6.30957e+00 3.81103e-03
6.91831e+00 2.50794e-03
7.58578e+00 1.72638e-03
8.31764e+00 1.22984e-03
9.12011e+00 8.90746e-04
1.00000e+01 6.55873e-04
1.09648e+01 4.91037e-04
1.20226e+01 3.73842e-04
1.31826e+01 2.89463e-04
1.44544e+01 2.27963e-04
1.58489e+01 1.82611e-04
1.73780e+01 1.48799e-04
1.90546e+01 1.23333e-04
2.08930e+01 1.03984e-04
2.29087e+01 8.91729e-05
2.51189e+01 7.77766e-05
2.75423e+01 6.89868e-05
3.01995e+01 6.22183e-05
3.31131e+01 5.68193e-05
3.63078e+01 5.16511e-05
3.98107e+01 4.66396e-05
4.36516e+01 4.18233e-05
4.78630e+01 3.72334e-05
5.24807e+01 3.28964e-05
5.75440e+01 2.88324e-05
6.30957e+01 2.50560e-05
6.91831e+01 2.15765e-05
7.58578e+01 1.83983e-05
8.31764e+01 1.55217e-05
9.12011e+01 1.29430e-05
1.00000e+02 1.06548e-05
1.09648e+02 8.64716e-06
1.20226e+02 6.90729e-06
1.31826e+02 5.42015e-06
1.44544e+02 4.16869e-06
1.58489e+02 3.13411e-06
1.73780e+02 2.29610e-06
1.90546e+02 1.63314e-06
2.08930e+02 1.12277e-06
2.29087e+02 7.41964e-07
2.51189e+02 4.68296e-07
2.75423e+02 2.80162e-07
3.01995e+02 1.57435e-07
3.31131e+02 8.21982e-08
3.63078e+02 3.93678e-08
3.98107e+02 1.71654e-08
4.36516e+02 6.71059e-09
4.78630e+02 2.29947e-09
5.24807e+02 6.71670e-10
5.75440e+02 1.61561e-10
6.30957e+02 3.06467e-11
6.91831e+02 4.34057e-12
7.58578e+02 4.28007e-13
8.31764e+02 2.68410e-14
9.12011e+02 9.53087e-16
1.00000e+03 1.64597e-17
1.09648e+03 1.12400e-19
1.20226e+03 2.28843e-22
1.31826e+03 9.39077e-26
1.44544e+03 4.46980e-30
1.58489e+03 1.11465e-35
1.73780e+03 4.49524e-43
1.90546e+03 4.96608e-53
