1.00000e-02 6.12789e+00
1.09648e-02 5.48434e+00
1.20226e-02 4.91136e+00
1.31826e-02 4.40092e+00
1.44544e-02 3.94591e+00
1.58489e-02 3.54008e+00
1.73780e-02 3.17791e+00
1.90546e-02 2.85451e+00
2.08930e-02 2.56556e+00
2.29087e-02 2.30724e+00
2.51189e-02 2.07618e+00
2.75423e-02 1.86937e+00
3.01995e-02 1.68417e+00
3.31131e-02 1.51819e+00
3.63078e-02 1.36943e+00
3.98107e-02 1.23596e+00
4.36516e-02 1.11616e+00
4.78630e-02 1.00857e+00
5.24807e-02 9.11883e-01
5.75440e-02 8.24952e-01
6.30957e-02 7.46745e-01
6.91831e-02 6.76349e-01
7.58578e-02 6.12947e-01
8.31764e-02 5.55811e-01
9.12011e-02 5.04295e-01
1.00000e-01 4.57819e-01
1.09648e-01 4.15867e-01
1.20226e-01 3.77976e-01
1.31826e-01 3.43736e-01
1.44544e-01 3.12762e-01
1.58489e-01 2.84766e-01
1.73780e-01 2.59417e-01
1.90546e-01 2.36457e-01
2.08930e-01 2.16054e-01
2.29087e-01 1.99182e-01
2.51189e-01 1.85372e-01
2.75423e-01 1.74151e-01
3.01995e-01 1.65151e-01
3.31131e-01 1.58083e-01
3.63078e-01 1.52728e-01
3.98107e-01 1.48920e-01
4.36516e-01 1.46543e-01
4.78630e-01 1.45520e-01
5.24807e-01 1.45812e-01
5.75440e-01 1.47415e-01
6.30957e-01 1.50361e-01
6.91831e-01 1.54714e-01
7.58578e-01 1.60580e-01
8.31764e-01 1.68101e-01
9.12011e-01 1.77368e-01
1.00000e+00 1.87922e-01
1.09648e+00 1.99785e-01
1.20226e+00 2.13113e-01
1.31826e+00 2.28084e-01
1.44544e+00 2.44901e-01
1.58489e+00 2.63801e-01
1.73780e+00 2.85053e-01
1.90546e+00 3.08967e-01
2.08930e+00 3.33259e-01
2.29087e+00 3.34782e-01
2.51189e+00 3.08774e-01
2.75423e+00 2.61555e-01
3.01995e+00 2.03450e-01
3.31131e+00 1.45224e-01
3.63078e+00 9.50180e-02
3.98107e+00 5.68902e-02
4.36516e+00 3.12964e-02
4.78630e+00 1.73603e-02
5.24807e+00 1.00347e-02
5.75440e+00 6.05111e-03
6.30957e+00 3.81070e-03
6.91831e+00 2.50845e-03
7.58578e+00 1.72733e-03
8.31764e+00 1.23103e-03
9.12011e+00 8.92053e-04
1.00000e+01 6.57228e-04
1.09648e+01 4.92402e-04
1.20226e+01 3.75203e-04
1.31826e+01 2.90813e-04
1.44544e+01 2.29304e-04
1.58489e+01 1.83952e-04
1.73780e+01 1.50151e-04
1.90546e+01 1.24712e-04
2.08930e+01 1.05406e-04
2.29087e+01 9.06595e-05
2.51189e+01 7.93520e-05
2.75423e+01 7.06801e-05
3.01995e+01 6.40649e-05
3.31131e+01 5.88554e-05
3.63078e+01 5.38836e-05
3.98107e+01 4.90694e-05
4.36516e+01 4.44482e-05
4.78630e+01 4.00490e-05
5.24807e+01 3.58946e-05
5.75440e+01 3.20014e-05
6.30957e+01 2.83801e-05
6.91831e+01 2.50361e-05
7.58578e+01 2.19699e-05
8.31764e+01 1.91780e-05
9.12011e+01 1.66528e-05
1.00000e+02 1.43840e-05
1.09648e+02 1.23590e-05
1.20226e+02 1.05632e-05
1.31826e+02 8.98069e-06
1.44544e+02 7.59501e-06
1.58489e+02 6.38911e-06
1.73780e+02 5.34626e-06
1.90546e+02 4.44984e-06
2.08930e+02 3.68400e-06
2.29087e+02 3.03367e-06
2.51189e+02 2.48475e-06
2.75423e+02 2.02421e-06
3.01995e+02 1.64013e-06
3.31131e+02 1.32171e-06
3.63078e+02 1.05966e-06
3.98107e+02 8.51373e-07
4.36516e+02 6.87533e-07
4.78630e+02 5.58071e-07
5.24807e+02 4.55322e-07
5.75440e+02 3.73409e-07
6.30957e+02 3.07819e-07
6.91831e+02 2.55066e-07
7.58578e+02 2.12451e-07
8.31764e+02 1.77871e-07
9.12011e+02 1.49695e-07
1.00000e+03 1.26636e-07
1.09648e+03 1.07685e-07
1.20226e+03 9.20415e-08
1.31826e+03 7.90751e-08
1.44544e+03 6.82828e-08
1.58489e+03 5.92628e-08
1.73780e+03 5.15810e-08
1.90546e+03 4.48472e-08
2.08930e+03 3.89734e-08
2.29087e+03 3.38581e-08
2.51189e+03 2.93973e-08
2.75423e+03 2.55075e-08
3.01995e+03 2.21153e-08
3.31131e+03 1.91564e-08
3.63078e+03 1.65749e-08
3.98107e+03 1.43220e-08
4.36516e+03 1.23556e-08
4.78630e+03 1.06388e-08
5.24807e+03 9.13967e-09
5.75440e+03 7.83038e-09
6.30957e+03 6.68688e-09
6.91831e+03 5.68830e-09
7.58578e+03 4.81658e-09
8.31764e+03 4.05614e-09
9.12011e+03 3.39357e-09
1.00000e+04 2.81734e-09
1.09648e+04 2.31759e-09
1.20226e+04 1.88585e-09
1.31826e+04 1.51488e-09
1.44544e+04 1.19848e-09
1.58489e+04 9.31202e-10
1.73780e+04 7.08270e-10
1.90546e+04 5.25305e-10
2.08930e+04 3.78180e-10
2.29087e+04 2.62855e-10
2.51189e+04 1.75266e-10
2.75423e+04 1.11264e-10
3.01995e+04 6.66474e-11
3.31131e+04 3.72672e-11
3.63078e+04 1.92046e-11
3.98107e+04 8.98053e-12
4.36516e+04 3.74007e-12
4.78630e+04 1.35587e-12
5.24807e+04 4.16069e-13
5.75440e+04 1.04394e-13
6.30957e+04 2.05076e-14
6.91831e+04 2.98613e-15
7.58578e+04 3.00541e-16
8.31764e+04 1.91027e-17
9.12011e+04 6.81415e-19
1.00000e+05 1.16649e-20
1.09648e+05 7.76418e-23
1.20226e+05 1.50745e-25
1.31826e+05 5.72838e-29
1.44544e+05 2.42464e-33
1.58489e+05 5.07683e-39
1.73780e+05 1.59768e-46
