1.00000e-02 6.12933e+00
1.09648e-02 5.48563e+00
1.20226e-02 4.91252e+00
1.31826e-02 4.40195e+00
1.44544e-02 3.94684e+00
1.58489e-02 3.54091e+00
1.73780e-02 3.17866e+00
1.90546e-02 2.85518e+00
2.08930e-02 2.56616e+00
2.29087e-02 2.30778e+00
2.51189e-02 2.07667e+00
2.75423e-02 1.86981e+00
3.01995e-02 1.68457e+00
3.31131e-02 1.51855e+00
3.63078e-02 1.36976e+00
3.98107e-02 1.23626e+00
4.36516e-02 1.11643e+00
4.78630e-02 1.00881e+00
5.24807e-02 9.12098e-01
5.75440e-02 8.25146e-01
6.30957e-02 7.46921e-01
6.91831e-02 6.76508e-01
7.58578e-02 6.13091e-01
8.31764e-02 5.55942e-01
9.12011e-02 5.04414e-01
1.00000e-01 4.57927e-01
1.09648e-01 4.15964e-01
1.20226e-01 3.78065e-01
1.31826e-01 3.43817e-01
1.44544e-01 3.12835e-01
1.58489e-01 2.84833e-01
1.73780e-01 2.59478e-01
1.90546e-01 2.36513e-01
2.08930e-01 2.16105e-01
2.29087e-01 1.99229e-01
2.51189e-01 1.85416e-01
2.75423e-01 1.74192e-01
3.01995e-01 1.65190e-01
3.31131e-01 1.58120e-01
3.63078e-01 1.52764e-01
3.98107e-01 1.48955e-01
4.36516e-01 1.46577e-01
4.78630e-01 1.45554e-01
5.24807e-01 1.45846e-01
5.75440e-01 1.47450e-01
6.30957e-01 1.50396e-01
6.91831e-01 1.54751e-01
7.58578e-01 1.60617e-01
8.31764e-01 1.68140e-01
9.12011e-01 1.77410e-01
1.00000e+00 1.87966e-01
1.09648e+00 1.99832e-01
1.20226e+00 2.13163e-01
1.31826e+00 2.28137e-01
1.44544e+00 2.44959e-01
1.58489e+00 2.63863e-01
1.73780e+00 2.85120e-01
1.90546e+00 3.09040e-01
2.08930e+00 3.33337e-01
2.29087e+00 3.34861e-01
2.51189e+00 3.08846e-01
2.75423e+00 2.61616e-01
3.01995e+00 2.03498e-01
3.31131e+00 1.45258e-01
3.63078e+00 9.50401e-02
3.98107e+00 5.69034e-02
4.36516e+00 3.13037e-02
4.78630e+00 1.73643e-02
5.24807e+00 1.00370e-02
5.75440e+00 6.05249e-03
6.30957e+00 3.81155e-03
6.91831e+00 2.50900e-03
7.58578e+00 1.72770e-03
8.31764e+00 1.23130e-03
9.12011e+00 8.92242e-04
1.00000e+01 6.57364e-04
1.09648e+01 4.92501e-04
1.20226e+01 3.75276e-04
1.31826e+01 2.90867e-04
1.44544e+01 2.29341e-04
1.58489e+01 1.83979e-04
1.73780e+01 1.50170e-04
1.90546e+01 1.24725e-04
2.08930e+01 1.05415e-04
2.29087e+01 9.06645e-05
2.51189e+01 7.93536e-05
2.75423e+01 7.06777e-05
3.01995e+01 6.40594e-05
3.31131e+01 5.88466e-05
3.63078e+01 5.38714e-05
3.98107e+01 4.90538e-05
4.36516e+01 4.44294e-05
4.78630e+01 4.00269e-05
5.24807e+01 3.58692e-05
5.75440e+01 3.19728e-05
6.30957e+01 2.83482e-05
6.91831e+01 2.50013e-05
7.58578e+01 2.19324e-05
8.31764e+01 1.91378e-05
9.12011e+01 1.66103e-05
1.00000e+02 1.43397e-05
1.09648e+02 1.23128e-05
1.20226e+02 1.05154e-05
1.31826e+02 8.93173e-06
1.44544e+02 7.54506e-06
1.58489e+02 6.33860e-06
1.73780e+02 5.29541e-06
1.90546e+02 4.39902e-06
2.08930e+02 3.63353e-06
2.29087e+02 2.98385e-06
2.51189e+02 2.43586e-06
2.75423e+02 1.97651e-06
3.01995e+02 1.59386e-06
3.31131e+02 1.27710e-06
3.63078e+02 1.01688e-06
3.98107e+02 8.10307e-07
4.36516e+02 6.47963e-07
4.78630e+02 5.19795e-07
5.24807e+02 4.18161e-07
5.75440e+02 3.37208e-07
6.30957e+02 2.72437e-07
6.91831e+02 2.20385e-07
7.58578e+02 1.78369e-07
8.31764e+02 1.44309e-07
9.12011e+02 1.16589e-07
1.00000e+03 9.39503e-08
1.09648e+03 7.54033e-08
1.20226e+03 6.01725e-08
1.31826e+03 4.76492e-08
1.44544e+03 3.73545e-08
1.58489e+03 2.89110e-08
1.73780e+03 2.19701e-08
1.90546e+03 1.62645e-08
2.08930e+03 1.16837e-08
2.29087e+03 8.10188e-09
2.51189e+03 5.38771e-09
2.75423e+03 3.40984e-09
3.01995e+03 2.03533e-09
3.31131e+03 1.13346e-09
3.63078e+03 5.81305e-10
3.98107e+03 2.70294e-10
4.36516e+03 1.11807e-10
4.78630e+03 4.02026e-11
5.24807e+03 1.22147e-11
5.75440e+03 3.02764e-12
6.30957e+03 5.85875e-13
6.91831e+03 8.37192e-14
7.58578e+03 8.22802e-15
8.31764e+03 5.07337e-16
9.12011e+03 1.74001e-17
1.00000e+04 2.82925e-19
1.09648e+04 1.75873e-21
1.20226e+04 3.11391e-24
1.31826e+04 1.04286e-27
1.44544e+04 3.70085e-32
1.58489e+04 6.03104e-38
1.73780e+04 1.31688e-45
