1.00000e-02 6.12822e+00
1.09648e-02 5.48465e+00
1.20226e-02 4.91164e+00
1.31826e-02 4.40116e+00
1.44544e-02 3.94612e+00
1.58489e-02 3.54027e+00
1.73780e-02 3.17808e+00
1.90546e-02 2.85466e+00
2.08930e-02 2.56570e+00
2.29087e-02 2.30737e+00
2.51189e-02 2.07629e+00
2.75423e-02 1.86947e+00
3.01995e-02 1.68426e+00
3.31131e-02 1.51827e+00
3.63078e-02 1.36951e+00
3.98107e-02 1.23603e+00
4.36516e-02 1.11622e+00
4.78630e-02 1.00862e+00
5.24807e-02 9.11934e-01
5.75440e-02 8.24997e-01
6.30957e-02 7.46787e-01
6.91831e-02 6.76386e-01
7.58578e-02 6.12980e-01
8.31764e-02 5.55842e-01
9.12011e-02 5.04323e-01
1.00000e-01 4.57844e-01
1.09648e-01 4.15889e-01
1.20226e-01 3.77997e-01
1.31826e-01 3.43755e-01
1.44544e-01 3.12779e-01
1.58489e-01 2.84781e-01
1.73780e-01 2.59431e-01
1.90546e-01 2.36470e-01
2.08930e-01 2.16066e-01
2.29087e-01 1.99193e-01
2.51189e-01 1.85382e-01
2.75423e-01 1.74161e-01
3.01995e-01 1.65160e-01
3.31131e-01 1.58092e-01
3.63078e-01 1.52736e-01
3.98107e-01 1.48929e-01
4.36516e-01 1.46551e-01
4.78630e-01 1.45528e-01
5.24807e-01 1.45820e-01
5.75440e-01 1.47423e-01
6.30957e-01 1.50369e-01
6.91831e-01 1.54723e-01
7.58578e-01 1.60589e-01
8.31764e-01 1.68110e-01
9.12011e-01 1.77378e-01
1.00000e+00 1.87932e-01
1.09648e+00 1.99796e-01
1.20226e+00 2.13125e-01
1.31826e+00 2.28096e-01
1.44544e+00 2.44915e-01
1.58489e+00 2.63816e-01
1.73780e+00 2.85069e-01
1.90546e+00 3.08984e-01
2.08930e+00 3.33278e-01
2.29087e+00 3.34801e-01
2.51189e+00 3.08791e-01
2.75423e+00 2.61569e-01
3.01995e+00 2.03461e-01
3.31131e+00 1.45232e-01
3.63078e+00 9.50232e-02
3.98107e+00 5.68933e-02
4.36516e+00 3.12981e-02
4.78630e+00 1.73613e-02
5.24807e+00 1.00352e-02
5.75440e+00 6.05144e-03
6.30957e+00 3.81090e-03
6.91831e+00 2.50858e-03
7.58578e+00 1.72742e-03
8.31764e+00 1.23110e-03
9.12011e+00 8.92099e-04
1.00000e+01 6.57262e-04
1.09648e+01 4.92426e-04
1.20226e+01 3.75221e-04
1.31826e+01 2.90826e-04
1.44544e+01 2.29315e-04
1.58489e+01 1.83960e-04
1.73780e+01 1.50157e-04
1.90546e+01 1.24717e-04
2.08930e+01 1.05410e-04
2.29087e+01 9.06625e-05
2.51189e+01 7.93543e-05
2.75423e+01 7.06821e-05
3.01995e+01 6.40660e-05
3.31131e+01 5.88559e-05
3.63078e+01 5.38836e-05
3.98107e+01 4.90695e-05
4.36516e+01 4.44481e-05
4.78630e+01 4.00484e-05
5.24807e+01 3.58936e-05
5.75440e+01 3.19999e-05
6.30957e+01 2.83782e-05
6.91831e+01 2.50339e-05
7.58578e+01 2.19674e-05
8.31764e+01 1.91750e-05
9.12011e+01 1.66495e-05
1.00000e+02 1.43805e-05
1.09648e+02 1.23553e-05
1.20226e+02 1.05593e-05
1.31826e+02 8.97652e-06
1.44544e+02 7.59066e-06
1.58489e+02 6.38479e-06
1.73780e+02 5.34173e-06
1.90546e+02 4.44528e-06
2.08930e+02 3.67943e-06
2.29087e+02 3.02913e-06
2.51189e+02 2.48027e-06
2.75423e+02 2.01981e-06
3.01995e+02 1.63583e-06
3.31131e+02 1.31754e-06
3.63078e+02 1.05564e-06
3.98107e+02 8.47484e-07
4.36516e+02 6.83750e-07
4.78630e+02 5.54380e-07
5.24807e+02 4.51707e-07
5.75440e+02 3.69849e-07
6.30957e+02 3.04295e-07
6.91831e+02 2.51561e-07
7.58578e+02 2.08944e-07
8.31764e+02 1.74354e-07
9.12011e+02 1.46149e-07
1.00000e+03 1.23045e-07
1.09648e+03 1.04032e-07
1.20226e+03 8.83111e-08
1.31826e+03 7.52505e-08
1.44544e+03 6.43465e-08
1.58489e+03 5.51972e-08
1.73780e+03 4.73765e-08
1.90546e+03 4.05104e-08
2.08930e+03 3.45123e-08
2.29087e+03 2.92800e-08
2.51189e+03 2.47146e-08
2.75423e+03 2.07355e-08
3.01995e+03 1.72732e-08
3.31131e+03 1.42671e-08
3.63078e+03 1.16661e-08
3.98107e+03 9.42615e-09
4.36516e+03 7.50943e-09
4.78630e+03 5.88331e-09
5.24807e+03 4.51917e-09
5.75440e+03 3.39129e-09
6.30957e+03 2.47574e-09
6.91831e+03 1.74949e-09
7.58578e+03 1.18966e-09
8.31764e+03 7.73047e-10
9.12011e+03 4.76059e-10
1.00000e+04 2.75105e-10
1.09648e+04 1.47432e-10
1.20226e+04 7.22409e-11
1.31826e+04 3.18153e-11
1.44544e+04 1.23342e-11
1.58489e+04 4.10340e-12
1.73780e+04 1.13523e-12
1.90546e+04 2.51149e-13
2.08930e+04 4.22982e-14
2.29087e+04 5.09465e-15
2.51189e+04 4.04974e-16
2.75423e+04 1.91378e-17
3.01995e+04 4.68507e-19
3.31131e+04 4.94305e-21
3.63078e+04 1.75116e-23
3.98107e+04 1.47670e-26
4.36516e+04 1.82965e-30
4.78630e+04 1.67217e-35
5.24807e+04 4.13535e-42
5.75440e+04 6.22493e-51
