1.00000e-02 6.15752e+00
1.09648e-02 5.51087e+00
1.20226e-02 4.93512e+00
1.31826e-02 4.42220e+00
1.44544e-02 3.96499e+00
1.58489e-02 3.55720e+00
1.73780e-02 3.19327e+00
1.90546e-02 2.86831e+00
2.08930e-02 2.57796e+00
2.29087e-02 2.31840e+00
2.51189e-02 2.08622e+00
2.75423e-02 1.87841e+00
3.01995e-02 1.69231e+00
3.31131e-02 1.52553e+00
3.63078e-02 1.37606e+00
3.98107e-02 1.24194e+00
4.36516e-02 1.12156e+00
4.78630e-02 1.01344e+00
5.24807e-02 9.16291e-01
5.75440e-02 8.28939e-01
6.30957e-02 7.50355e-01
6.91831e-02 6.79618e-01
7.58578e-02 6.15908e-01
8.31764e-02 5.58497e-01
9.12011e-02 5.06731e-01
1.00000e-01 4.60030e-01
1.09648e-01 4.17874e-01
1.20226e-01 3.79800e-01
1.31826e-01 3.45394e-01
1.44544e-01 3.14270e-01
1.58489e-01 2.86138e-01
1.73780e-01 2.60666e-01
1.90546e-01 2.37595e-01
2.08930e-01 2.17093e-01
2.29087e-01 2.00139e-01
2.51189e-01 1.86261e-01
2.75423e-01 1.74985e-01
3.01995e-01 1.65940e-01
3.31131e-01 1.58837e-01
3.63078e-01 1.53456e-01
3.98107e-01 1.49629e-01
4.36516e-01 1.47238e-01
4.78630e-01 1.46207e-01
5.24807e-01 1.46497e-01
5.75440e-01 1.48105e-01
6.30957e-01 1.51060e-01
6.91831e-01 1.55428e-01
7.58578e-01 1.61314e-01
8.31764e-01 1.68862e-01
9.12011e-01 1.78161e-01
1.00000e+00 1.88749e-01
1.09648e+00 2.00649e-01
1.20226e+00 2.14015e-01
1.31826e+00 2.29024e-01
1.44544e+00 2.45879e-01
1.58489e+00 2.64809e-01
1.73780e+00 2.86091e-01
1.90546e+00 3.10030e-01
2.08930e+00 3.34325e-01
2.29087e+00 3.35755e-01
2.51189e+00 3.09564e-01
2.75423e+00 2.62114e-01
3.01995e+00 2.03783e-01
3.31131e+00 1.45373e-01
3.63078e+00 9.50441e-02
3.98107e+00 5.68545e-02
4.36516e+00 3.12426e-02
4.78630e+00 1.73077e-02
5.24807e+00 9.98860e-03
5.75440e+00 6.01209e-03
6.30957e+00 3.77767e-03
6.91831e+00 2.48005e-03
7.58578e+00 1.70229e-03
8.31764e+00 1.20852e-03
9.12011e+00 8.71722e-04
1.00000e+01 6.38732e-04
1.09648e+01 4.75423e-04
1.20226e+01 3.59450e-04
1.31826e+01 2.76026e-04
1.44544e+01 2.15252e-04
1.58489e+01 1.70422e-04
1.73780e+01 1.36946e-04
1.90546e+01 1.11648e-04
2.08930e+01 9.23018e-05
2.29087e+01 7.73328e-05
2.51189e+01 6.56127e-05
2.75423e+01 5.63240e-05
3.01995e+01 4.88672e-05
3.31131e+01 4.26264e-05
3.63078e+01 3.67019e-05
3.98107e+01 3.10794e-05
4.36516e+01 2.58318e-05
4.78630e+01 2.10231e-05
5.24807e+01 1.67064e-05
5.75440e+01 1.29204e-05
6.30957e+01 9.68691e-06
6.91831e+01 7.00840e-06
7.58578e+01 4.86655e-06
8.31764e+01 3.22260e-06
9.12011e+01 2.01963e-06
1.00000e+02 1.18711e-06
1.09648e+02 6.47403e-07
1.20226e+02 3.23374e-07
1.31826e+02 1.45651e-07
1.44544e+02 5.80497e-08
1.58489e+02 2.00060e-08
1.73780e+02 5.79571e-09
1.90546e+02 1.36277e-09
2.08930e+02 2.48788e-10
2.29087e+02 3.32515e-11
2.51189e+02 3.02288e-12
2.75423e+02 1.69952e-13
3.01995e+02 5.21427e-15
3.31131e+02 7.38929e-17
3.63078e+02 3.86304e-19
3.98107e+02 5.56077e-22
4.36516e+02 1.45139e-25
4.78630e+02 3.76653e-30
5.24807e+02 4.07399e-36
5.75440e+02 5.08174e-44
