1.00000e-02 6.13115e+00
1.09648e-02 5.48727e+00
1.20226e-02 4.91398e+00
1.31826e-02 4.40326e+00
1.44544e-02 3.94801e+00
1.58489e-02 3.54197e+00
1.73780e-02 3.17960e+00
1.90546e-02 2.85603e+00
2.08930e-02 2.56692e+00
2.29087e-02 2.30847e+00
2.51189e-02 2.07728e+00
2.75423e-02 1.87037e+00
3.01995e-02 1.68507e+00
3.31131e-02 1.51900e+00
3.63078e-02 1.37016e+00
3.98107e-02 1.23662e+00
4.36516e-02 1.11676e+00
4.78630e-02 1.00911e+00
5.24807e-02 9.12369e-01
5.75440e-02 8.25391e-01
6.30957e-02 7.47143e-01
6.91831e-02 6.76709e-01
7.58578e-02 6.13273e-01
8.31764e-02 5.56108e-01
9.12011e-02 5.04564e-01
1.00000e-01 4.58063e-01
1.09648e-01 4.16088e-01
1.20226e-01 3.78178e-01
1.31826e-01 3.43919e-01
1.44544e-01 3.12928e-01
1.58489e-01 2.84917e-01
1.73780e-01 2.59555e-01
1.90546e-01 2.36583e-01
2.08930e-01 2.16170e-01
2.29087e-01 1.99288e-01
2.51189e-01 1.85471e-01
2.75423e-01 1.74244e-01
3.01995e-01 1.65239e-01
3.31131e-01 1.58167e-01
3.63078e-01 1.52809e-01
3.98107e-01 1.49000e-01
4.36516e-01 1.46621e-01
4.78630e-01 1.45597e-01
5.24807e-01 1.45889e-01
5.75440e-01 1.47493e-01
6.30957e-01 1.50440e-01
6.91831e-01 1.54796e-01
7.58578e-01 1.60665e-01
8.31764e-01 1.68190e-01
9.12011e-01 1.77462e-01
1.00000e+00 1.88021e-01
1.09648e+00 1.99890e-01
1.20226e+00 2.13225e-01
1.31826e+00 2.28203e-01
1.44544e+00 2.45029e-01
1.58489e+00 2.63938e-01
1.73780e+00 2.85201e-01
1.90546e+00 3.09126e-01
2.08930e+00 3.33432e-01
2.29087e+00 3.34955e-01
2.51189e+00 3.08933e-01
2.75423e+00 2.61688e-01
3.01995e+00 2.03553e-01
3.31131e+00 1.45297e-01
3.63078e+00 9.50644e-02
3.98107e+00 5.69175e-02
4.36516e+00 3.13111e-02
4.78630e+00 1.73683e-02
5.24807e+00 1.00390e-02
5.75440e+00 6.05367e-03
6.30957e+00 3.81216e-03
6.91831e+00 2.50934e-03
7.58578e+00 1.72788e-03
8.31764e+00 1.23137e-03
9.12011e+00 8.92248e-04
1.00000e+01 6.57336e-04
1.09648e+01 4.92442e-04
1.20226e+01 3.75199e-04
1.31826e+01 2.90779e-04
1.44544e+01 2.29252e-04
1.58489e+01 1.83883e-04
1.73780e+01 1.50067e-04
1.90546e+01 1.24616e-04
2.08930e+01 1.05298e-04
2.29087e+01 9.05387e-05
2.51189e+01 7.92173e-05
2.75423e+01 7.05277e-05
3.01995e+01 6.38931e-05
3.31131e+01 5.86606e-05
3.63078e+01 5.36648e-05
3.98107e+01 4.88261e-05
4.36516e+01 4.41813e-05
4.78630e+01 3.97572e-05
5.24807e+01 3.55783e-05
5.75440e+01 3.16611e-05
6.30957e+01 2.80167e-05
6.91831e+01 2.46508e-05
7.58578e+01 2.15641e-05
8.31764e+01 1.87532e-05
9.12011e+01 1.62112e-05
1.00000e+02 1.39279e-05
1.09648e+02 1.18909e-05
1.20226e+02 1.00859e-05
1.31826e+02 8.49729e-06
1.44544e+02 7.10863e-06
1.58489e+02 5.90314e-06
1.73780e+02 4.86402e-06
1.90546e+02 3.97479e-06
2.08930e+02 3.21951e-06
2.29087e+02 2.58291e-06
2.51189e+02 2.05075e-06
2.75423e+02 1.60979e-06
3.01995e+02 1.24788e-06
3.31131e+02 9.53940e-07
3.63078e+02 7.18191e-07
3.98107e+02 5.35417e-07
4.36516e+02 3.95589e-07
4.78630e+02 2.88914e-07
5.24807e+02 2.07942e-07
5.75440e+02 1.46958e-07
6.30957e+02 1.01547e-07
6.91831e+02 6.82590e-08
7.58578e+02 4.43683e-08
8.31764e+02 2.76883e-08
9.12011e+02 1.64535e-08
1.00000e+03 9.22130e-09
1.09648e+03 4.81722e-09
1.20226e+03 2.31291e-09
1.31826e+03 1.00348e-09
1.44544e+03 3.85396e-10
1.58489e+03 1.27773e-10
1.73780e+03 3.53564e-11
1.90546e+03 7.81486e-12
2.08930e+03 1.31447e-12
2.29087e+03 1.58071e-13
2.51189e+03 1.25368e-14
2.75423e+03 5.90543e-16
3.01995e+03 1.43895e-17
3.31131e+03 1.50775e-19
3.63078e+03 5.28694e-22
3.98107e+03 4.38996e-25
4.36516e+03 5.31272e-29
4.78630e+03 4.68249e-34
5.24807e+03 1.09474e-40
5.75440e+03 1.50883e-49
